 X0 (Initial Value)         Predicted Cost          Numerical cost          Percent Error
1.000000014901161194e-01 -1.098064634438070813e-02 -1.100822429862810189e-02 2.505213692896015587e-01
1.944444477558135986e-01 1.394879843242045891e-02 1.392675156302089316e-02 1.583058999781819798e-01
2.888888716697692871e-01 4.295712610539798720e-02 4.293354422894262584e-02 5.492646106645954901e-02
3.833332955837249756e-01 7.608492680499465144e-02 7.605928589913647786e-02 3.371173625292304965e-02
4.777777493000030518e-01 1.132913169537800302e-01 1.132695084162557431e-01 1.925367014408027946e-02
5.722222328186035156e-01 1.545985371210414905e-01 1.545847856212439198e-01 8.895765351231902859e-03
6.666666865348815918e-01 2.000282553849033751e-01 2.000197823339213699e-01 4.236106490636997075e-03
7.611111402511596680e-01 2.495323527117824514e-01 2.495288520009942279e-01 1.402928262664191079e-03
8.555555343627929688e-01 3.031450019958137898e-01 3.031409619907726172e-01 1.332714989964176640e-03
9.499999880790710449e-01 3.608307351466917279e-01 3.608022382608002676e-01 7.898200972595335184e-03
