 X0 (Initial Value)         Predicted Cost          Optimal cost          Percent Error
1.000000014901161194e-01 -1.099117211527730030e-02 -1.114847144226957694e-02 1.410949723527784805e+00
1.944444477558135986e-01 1.394183917354265001e-02 1.385941974222073408e-02 5.946816883742754856e-01
2.888888716697692871e-01 4.296817433453032492e-02 4.295357965078962226e-02 3.397780548060647110e-02
3.833332955837249756e-01 7.606886177827015816e-02 7.610674676564221919e-02 4.977875021871767253e-02
4.777777493000030518e-01 1.132695143317105219e-01 1.133359217095884497e-01 5.859340699420070159e-02
5.722222328186035156e-01 1.546512422611594495e-01 1.547131095781098531e-01 3.998841282365196009e-02
6.666666865348815918e-01 1.999887654184253905e-01 2.000080605282832935e-01 9.647166122674601801e-03
7.611111402511596680e-01 2.495813179408097326e-01 2.495323929808013208e-01 1.960665684481936732e-02
8.555555343627929688e-01 3.031137317670768994e-01 3.029724417106250955e-01 4.663462315386186774e-02
9.499999880790710449e-01 3.608838418483676924e-01 3.606223900982322705e-01 7.250014345038402475e-02
