 X0 (Initial Value)         Predicted Cost          Numerical cost          Percent Error
1.000000014901161194e-01 9.100534949931708348e-03 9.076838127439590398e-03 2.610691317770849063e-01
1.944444477558135986e-01 2.260278446563153062e-02 2.257989828906927648e-02 1.013564200744568045e-01
2.888888716697692871e-01 3.810680877409345496e-02 3.808619832384087939e-02 5.411527314259143712e-02
3.833332955837249756e-01 5.561413561244261256e-02 5.559726677146704932e-02 3.034113357568947456e-02
4.777777493000030518e-01 7.511722160025101347e-02 7.510555938690938182e-02 1.552776310679382897e-02
5.722222328186035156e-01 9.662115313002850314e-02 9.661616234654762936e-02 5.165578263161182612e-03
6.666666865348815918e-01 1.201206611266642243e-01 1.201238067565313233e-01 2.618656494523683310e-03
7.611111402511596680e-01 1.456278475536993966e-01 1.456405955753881099e-01 8.753068907984846297e-03
8.555555343627929688e-01 1.731308267018381586e-01 1.731546421884126996e-01 1.375388281454617903e-02
9.499999880790710449e-01 2.026347613496377320e-01 2.026723224569451642e-01 1.853292390992931568e-02
