 X0 (Initial Value)         Predicted Cost          Numerical cost          Percent Error
1.000000014901161194e-01 -1.078003470569326855e-02 -1.073384927992775822e-02 4.302783145267078391e-01
1.944444477558135986e-01 1.414633030174241093e-02 1.422340115930513516e-02 5.418595503249478140e-01
2.888888716697692871e-01 4.309310525222350557e-02 4.320661338520179889e-02 2.627100901575629699e-01
3.833333253860473633e-01 7.616843843222914634e-02 7.633104822437293546e-02 2.130323058918335288e-01
4.777777493000030518e-01 1.133368022755041893e-01 1.135561095007225768e-01 1.931267513325578000e-01
5.722222328186035156e-01 1.545752058961529785e-01 1.548552515790578288e-01 1.808435167998673765e-01
6.666666865348815918e-01 1.998501934294307225e-01 2.001979966321573157e-01 1.737296119729133947e-01
7.611111402511596680e-01 2.491825987946362231e-01 2.496120601128866134e-01 1.720515098734280712e-01
8.555555343627929688e-01 3.026957680031558406e-01 3.032135606115742843e-01 1.707682886524166943e-01
9.499999880790710449e-01 3.601818282205058175e-01 3.607935107858989410e-01 1.695381283495717983e-01
