 X0 (Initial Value)         Predicted Cost          Optimal cost          Percent Error
1.000000014901161194e-01 -1.099131396752022621e-02 -1.114861335785116009e-02 1.410932331061237388e+00
1.944444477558135986e-01 1.392994032184346163e-02 1.384750103123550888e-02 5.953369522919422785e-01
2.888888716697692871e-01 4.292839815269620246e-02 4.291374484463278405e-02 3.414595513971114410e-02
3.833332955837249756e-01 7.610656809470484063e-02 7.614449028256217722e-02 4.980293087078571657e-02
4.777777493000030518e-01 1.133276337795250666e-01 1.133940578193315396e-01 5.857806051204651754e-02
5.722222328186035156e-01 1.546208718222737422e-01 1.546827576863437081e-01 4.000824978531503789e-02
6.666666865348815918e-01 1.999949975763065102e-01 2.000142837192110112e-01 9.642382806807830303e-03
7.611111402511596680e-01 2.494592863003700922e-01 2.494105832610442885e-01 1.952725449297750340e-02
8.555555343627929688e-01 3.032063987480994038e-01 3.030649010297503665e-01 4.668891642293715449e-02
9.499999880790710449e-01 3.608475328142732863e-01 3.605861786649425249e-01 7.248035692838139532e-02
